bl_caster_l_wheel_joint: -693.167214530216
bl_caster_r_wheel_joint: -608.5200590009381
bl_caster_rotation_joint: -22.65913348905163
br_caster_l_wheel_joint: -60.641517304326946
br_caster_r_wheel_joint: 116.12172261073914
br_caster_rotation_joint: 62.82042137496447
fl_caster_l_wheel_joint: 81.74865871107062
fl_caster_r_wheel_joint: 177.6009255835964
fl_caster_rotation_joint: -6.2866214241436715
fr_caster_l_wheel_joint: 79.77335401048084
fr_caster_r_wheel_joint: 167.976956677565
fr_caster_rotation_joint: -3.1452175681894987
head_pan_joint: 0.06263464313190008
head_tilt_joint: 1.3125574106698157
l_elbow_flex_joint: -1.6573083107568838
l_forearm_roll_joint: -4.249298669798033
l_gripper_joint: 0.04871866706820144
l_gripper_l_finger_joint: 0.27464497680014466
l_gripper_l_finger_tip_joint: 0.27464497680014466
l_gripper_motor_screw_joint: 0.0
l_gripper_motor_slider_joint: 0.0
l_gripper_r_finger_joint: 0.27464497680014466
l_gripper_r_finger_tip_joint: 0.27464497680014466
l_shoulder_lift_joint: 0.41440381207787713
l_shoulder_pan_joint: 0.3739030489767273
l_upper_arm_roll_joint: 1.6492276731878892
l_wrist_flex_joint: -1.507195143818671
l_wrist_roll_joint: 3.3515352275642396
laser_tilt_mount_joint: 0.5911660615720116
r_elbow_flex_joint: -1.6856833701880554
r_forearm_roll_joint: -6.9584562164244685
r_gripper_joint: 0.013017863536413855
r_gripper_l_finger_joint: 0.07360965176738207
r_gripper_l_finger_tip_joint: 0.07360965176738207
r_gripper_motor_screw_joint: 0.0
r_gripper_motor_slider_joint: 0.0
r_gripper_r_finger_joint: 0.07360965176738207
r_gripper_r_finger_tip_joint: 0.07360965176738207
r_shoulder_lift_joint: 0.5886287273403841
r_shoulder_pan_joint: -0.8781543490070595
r_upper_arm_roll_joint: -1.6811327551363215
r_wrist_flex_joint: -0.708836061002126
r_wrist_roll_joint: -4.689779135605931
torso_lift_joint: 0.2995609336562035
torso_lift_motor_screw_joint: 0.0
